1482
7456
3606
4396
2480
3410
8823
8287
3856
6375
8834
8781
1259
4876
9185
9359
7383
2149
9756
4386
8525
1386
8906
7282
9453
5511
3026
7583
6338
8646
6470
6044
6728
7110
7700
2837
2111
6667
9653
7324
9101
1309
1683
2648
6570
3596
1523
8678
1518
3638
2755
8089
9064
5151
1533
6769
3566
1436
4991
4205
4197
3878
9527
6843
5578
3659
3067
8714
4611
7973
7733
4323
5884
6160
1233
6309
7258
9757
2357
5897
7266
5176
6902
2671
3524
9092
2848
6403
3539
9272
9256
7949
5588
5175
8218
7934
5699
9281
2239
8844
5376
4876
7192
5231
8086
2134
5011
6877
9294
4172
3061
1587
3926
5711
1482
2417
6439
1931
2150
3032
5628
8753
8737
8533
3532
1273
3838
7226
2046
1158
4468
7910
4685
4867
4633
4250
1461
7042
9503
7984
8758
9323
1042
5877
4293
4981
7207
5822
8401
8903
7927
8311
3866
1087
2890
1633
7202
9458
5438
8886
4793
8504
9257
3154
6729
8169
3814
9559
4218
7692
7890
9724
4329
2949
3129
6161
1405
5429
2736
6673
7812
2036
9089
7524
1652
6094
8585
2558
1673
7954
9314
8677
5602
7494
4192
6523
2775
9893
2662
9046
5362
1168
7428
3653
7708
5675
4810
9648
6595
4980
9673
7312
3708
7772
1968
7275
2401
9683
9351
4266
9158
1388
8064
6010
4909
7489
6784
4409
2397
6619
2156
3623
5159
9770
3687
2704
3329
9913
7256
3638
1718
4207
7660
3068
2109
9612
9707
2339
1301
1757
2288
6809
9156
9077
2849
3211
4368
1479
6963
6978
2525
4281
7430
3870
3251
6694
6288
5046
1083
5295
4094
5737
4077
8344
9626
6965
5421
4491
7478
4888
4132
7289
3650
9114
7527
4108
5126
4141
7127
4774
6575
3947
7327
2409
7453
3278
4307
6578
8404
6782
8526
8170
2849
7455
7648
1018
2201
9947
7222
6912
5234
5688
4866
3495
9215
7025
9274
2277
5219
7268
9766
9560
9720
4426
1751
4626
6569
1741
5399
2887
3042
1147
2716
1866
1453
3326
6318
2218
6318
8954
2423
6973
6333
5793
2810
4259
2386
3502
2679
2685
3686
9897
4122
8995
5222
6184
7401
9991
1674
8765
8149
5589
8729
9852
4229
3652
8950
1291
9350
2198
2922
7580
7315
8518
3583
2393
8461
6299
6189
6677
3237
7814
7014
8561
6176
2947
2864
2376
3083
9361
4818
4245
9837
2564
8740
4326
3622
9381
9190
4304
7636
2978
2252
8203
4841
3536
2240
3535
8070
8983
2580
7016
8880
1254
5475
3418
3519
6009
7964
3515
1449
9362
4723
9797
1104
7287
5338
9948
2333
9368
4944
5920
1142
3032
1050
6571
9681
4589
4493
1799
8947
3370
9360
5892
9266
4039
5661
8970
2457
6109
4986
7155
4222
6089
9898
9470
2847
9678
7547
7140
5778
7515
4665
2521
8505
5691
6464
2431
5413
2207
8959
8651
7952
1989
7840
7175
5056
7823
4318
9355
4646
4556
7912
8957
2525
5497
8310
4178
2370
8317
4804
5875
6193
5900
5460
7300
2390
4689
1963
8434
4729
5985
1228
1588
4866
1163
8304
4943
4854
7606
4549
7061
7401
3952
7187
9894
2849
9371
7775
4396
1781
6056
2462
1599
7002
7828
5480
4289
9693
5586
3993
5946
2556
3119
7631
7152
5759
5413
6955
2184
9494
1434
7297
8394
7637
7840
3226
2397
3879
3445
2171
8432
7674
1083
1724
8348
1386
3029
6778
9243
9987
1119
1569
8491
1906
4025
6331
8595
4496
8426
8208
7370
6590
5650
8815
7313
2357
9808
7241
5218
3364
9641
7839
5513
5729
3735
8099
3772
3218
4380
6591
1284
1199
2317
9703
7918
2762
6432
2317
2435
4392
5734
1518
9995
2749
7145
3504
6608
2991
7643
2282
8521
9114
2748
9817
9599
7614
1804
4686
9593
7958
3288
9908
7338
4548
8990
7452
3098
1495
9972
7261
8936
3937
6153
1806
9032
1981
1258
8344
6429
3586
3766
8986
5316
1103
3647
3533
2587
3589
1171
6934
2314
7163
8884
2027
3458
2040
1042
6706
8737
4964
2719
2251
8051
8344
4398
8476
8554
6289
5030
3232
1793
2869
1717
3871
4908
2710
6012
4235
3934
5608
2095
4977
4257
9946
7466
8429
9369
1865
5905
9552
8194
7533
6021
6557
2951
4278
1445
5098
5625
1605
5772
9989
2290
8859
3480
8449
6986
9632
1663
5231
4604
7014
9820
1949
2385
2477
1855
6857
5628
5541
9601
9769
3294
4375
4935
3694
9955
7325
4128
6934
5779
1331
5900
9737
1089
5101
8598
1486
2936
3236
1725
8131
6147
1563
7833
7464
2220
3118
4300
7081
2104
1998
5968
1794
1833
7310
9987
4467
7098
3200
6874
3618
1157
5702
1307
8110
6582
8361
6114
8505
8587
1866
6606
2301
2548
9744
5962
2035
3182
6867
4045
2298
1123
8478
2454
3701
2305
1007
2109
9026
1919
7261
4976
9962
1810
8724
3931
1329
6004
5331
3443
5605
9576
4767
1988
7524
3167
3635
9272
6948
1970
9926
3256
1095
1064
8663
3335
8849
3751
5001
4319
9489
3932
8131
4867
2280
6597
8554
9983
1176
1275
1955
5442
6063
9188
6686
2690
9403
5023
6594
1368
3418
5600
6727
3217
6882
4377
6561
3391
9176
8713
4515
6895
8898
5672
4223
7644
4292
5219
5481
8641
2942
1116
7115
7052
1277
9436
2295
5326
2041
2690
9305
7842
6760
2174
7889
3548
2383
9386
7548
9766
8615
3419
1253
1114
8236
5683
8884
7896
2761
4301
7871
5183
2402
7702
1774
7560
3023
8868
3983
8224
3627
1681
6712
1833
7063
8271
1900
8092
4025
4159
1162
1908
7126
6447
7474
4453
4336
1158
8705
4642
6990
5471
5863
8513
7426
1296
2381
6592
1284
8217
6011
6024
4310
5459
1111
9683
8541
5257
2077
8448
1752
5083
8786
9134
2916
2937
7806
3623
6013
7764
4383
4052
6445
6972
5494
4665
4778
8632
2583
7399
8356
9066
6053
7778
3076
4691
5619
5604
7937
7976
6272
4768
7398
6178
1173
8393
6992
4014
3364
6725
7650
6712
8544
1083
8333
6091
9940
9388
6376
9358
9661
2408
9347
3103
6058
6385
7751
7295
4045
9518
7784
6660
4404
2388
4028
5542
2570
7099
8859
7672
2388
4789
8937
1432
4668
9899
1284
8237
2024
4132
5921
6934
1446
4403
4291
3193
1860
5421
9323
1472
2599
9698
5872
5923
5458
8736
3370
4857
6118
4996
1233
9228
3884
9378
1696
9469
7537
4906
8553
5044
3844
1202
8669
1992
4316
4811
4485
1766
4099
7524
7206
5626
9053
7324
2581
7237
9107
4853
7491
7225
3618
1690
4240
1382
1658
5075
1883
9144
1364
5716
3699
4939
7187
5035
5813
2914
1452
9531
6369
8262
8781
1715
1996
6946
6539
3306
1877
8105
2938
4538
9627
3516
6300
2115
5415
2050
1871
1619
9731
3877
5183
3011
9607
2448
2777
2789
8462
3107
4345
7881
6898
4061
4614
6820
2317
5727
7957
3925
2976
2798
9939
8260
9266
1318
6759
7295
5627
1729
2446
7701
5551
1029
6799
2821
8066
2264
5383
1836
6085
6545
2319
3364
1390
1073
8568
4078
7713
5758
8166
1178
6134
6897
9496
7167
2054
5671
9464
5156
5313
7131
2212
9953
5892
8635
4327
4897
9156
1148
5698
9604
6831
1173
1150
9860
3387
6581
7877
5182
9630
9015
8066
3960
1470
9408
9903
2546
4608
3136
1206
7960
9955
9407
4172
6269
7742
4683
3056
9631
2456
2971
8073
5850
4545
3167
6684
3469
4747
1701
6951
3245
2849
6724
4768
9624
7269
4177
9551
4853
3663
9111
8854
2660
1182
4245
6183
7368
6052
3033
5551
2073
3671
4429
1790
4437
4731
5580
8434
4713
9248
2998
7154
4204
4470
2505
9138
6866
8658
1128
8128
6896
8262
9844
6031
6365
2653
7512
8521
6501
5707
6499
5945
8033
9531
8458
8971
8369
8058
8864
8647
8101
4768
6333
4835
8810
9979
8812
5241
2569
9869
8480
7481
1714
4368
5661
2954
2039
2476
3875
7385
4105
1448
7779
2955
8956
8742
7688
4193
3909
4392
3420
3638
7907
1045
7319
4868
2362
6786
2200
8471
5689
4504
4914
5935
4037
6013
2577
1729
9214
1226
8527
6292
9917
2287
3080
1710
5070
3949
8349
1340
5089
4480
5694
3898
4201
7715
9185
5935
8621
3610
1218
7319
3720
1669
6130
6251
4868
2142
8612
9298
3452
8545
5970
6216
1373
4916
3771
4875
8918
7620
8121
9765
7004
6878
5727
4073
6304
9058
6953
9803
8695
5922
2294
9571
8444
6125
1701
9768
4848
8390
5660
4504
7158
5244
3877
6481
7335
1360
3428
2254
2211
7388
6824
4900
3110
3695
3515
1132
6590
1842
2958
4353
2088
4812
5792
2607
9945
5229
5164
9130
8623
6548
3198
8047
5827
2596
6328
5039
3777
4232
3015
4972
6916
5456
9433
1126
1754
1699
8177
8972
3994
4840
1742
2640
2171
7588
2083
3099
1830
4637
4182
1129
7771
2220
1151
9474
1026
6321
8826
8513
8333
4343
9297
3497
7849
5208
3359
4610
7058
5304
2077
3741
3790
5169
1472
8773
9785
2878
2970
1890
6689
4009
4771
5762
8504
9601
3963
4248
7970
1708
2463
4345
4957
3897
2110
8270
2320
6001
1463
2279
9206
4822
4723
4390
1205
1484
1005
7747
1228
7093
2356
7827
5477
7274
8654
1805
5596
5157
9186
4539
4640
6755
8264
2145
7708
7940
4130
6935
3145
3419
9024
6926
9117
1930
3388
8776
6759
7539
6651
5711
2236
7789
3484
6739
5882
1429
7206
3909
8038
4315
3911
3863
1964
2341
2816
8057
1830
4877
8269
6922
8188
5504
9889
6044
1117
5743
2656
3855
9461
8839
6197
4014
9395
9492
8813
5138
5105
4029
1708
9914
5165
7177
6796
9572
7056
3733
7058
6042
8792
6582
5125
2187
9709
2569
1063
3234
7600
4474
2474
6827
6535
6357
3938
4479
9310
8712
3775
2878
4550
3992
3455
9039
5074
1311
6699
8640
8870
1494
9995
1600
8760
6029
2868
5261
5035
1782
4991
5133
6549
1536
9113
1519
5638
6234
8639
2454
2590
9923
7747
9922
1958
7901
7642
5405
2257
9729
7821
7581
5186
5104
6848
9706
6547
8358
8664
7455
8490
7899
3342
7121
4514
6574
5615
7385
2727
6435
2832
6910
7489
2729
9638
8410
2857
4841
6480
2009
1906
9378
9883
5986
4660
9435
4958
9487
6551
1541
9595
5939
6857
5287
1317
9507
7111
7439
5527
8546
4895
4014
1247
8198
2544
6025
6633
6791
6940
2494
3485
4614
2363
9628
2440
6278
8028
8646
6367
1011
5687
8059
6574
7515
1372
8604
6075
1058
6143
9251
7039
9145
2311
7853
5508
2510
1831
1943
9158
2074
7890
1131
5168
9379
9095
6715
3611
5038
4389
5235
9736
6667
7480
7374
7185
6390
9584
9920
6013
8980
3850
8974
8068
8172
5675
5712
3618
8339
6705
2458
5834
1989
7729
1604
4077
6265
7779
6360
7850
8145
2086
8371
3950
7154
3254
6808
1961
3827
2238
7777
4937
7612
4509
6093
5648
1144
5126
8207
5708
4739
4700
9523
2346
8454
1107
6083
7594
2208
2218
5715
6250
7521
9961
9362
4215
8708
3332
2584
8194
6307
2045
5252
6547
8475
5275
7567
8732
6129
7099
3695
3049
5004
4709
1148
8475
5177
3600
7852
8929
1688
2636
2428
2504
4806
7064
5773
9660
4577
1918
8546
2631
6750
1472
9805
6984
5082
8205
8102
6915
5074
1009
2189
3829
9687
2944
3742
7730
3161
8305
4580
5738
6913
8331
2101
6008
9745
3296
7220
9425
1336
2928
3210
1481
3436
9054
6454
3284
2256
6854
1328
7931
3731
8010
5306
7470
2508
3915
1316
9643
3857
7791
6820
4426
2450
8086
5523
9341
9628
6973
1355
1815
2282
4578
9979
7926
8854
4531
5721
9514
7604
9631
5752
1232
4983
3119
4710
1821
4060
3311
5412
1444
6591
4601
7825
2390
8829
1348
1666
7524
5150
5525
4994
6576
9351
2203
6100
1573
4695
7622
7899
9544
9398
2780
2445
4112
1369
3197
3416
1848
7621
8755
5911
2705
4628
6518
4268
8373
2412
2960
5888
1289
5107
6494
9751
7864
7607
4902
3380
2871
5547
3960
9036
2125
5080
7351
6046
6404
9480
7877
2331
4402
1620
6497
9246
7911
4910
3356
5726
9520
5820
8192
5700
6656
4648
5251
6952
4897
3302
4295
8188
9641
6073
2694
6083
7253
6493
1416
2232
1361
6369
6484
4025
7809
9781
4286
2898
3939
6242
3106
5896
5688
7447
3595
4693
1746
5247
4016
6990
6341
7878
1516
1305
3958
3966
2740
6719
2891
5931
7299
5737
1474
9522
2599
5996
7595
7643
5643
7802
3869
9527
5175
3585
7450
6179
4182
1056
2846
7512
3009
1944
6151
9460
2029
5592
9053
5379
8426
8918
6755
9287
7354
7364
1179
6132
5047
6680
7365
5031
7316
3476
9785
7420
2116
6045
3101
9140
9977
2634
1300
4328
5077
2559
1477
7449
9482
9170
9721
4680
5113
7192
4200
3651
2232
1535
2654
3010
1383
2105
9550
2108
5079
2862
7007
8811
5234
6631
1992
4135
4662
4327
9895
4124
8843
1442
5380
3863
5213
9125
6070
5134
8731
1614
6299
1245
9085
6091
4193
7058
1035
4973
1183
6454
9208
2519
9959
3318
1073
7768
8839
3009
6158
2140
9301
2378
9946
7077
2828
8873
5742
4317
3432
4237
1787
8649
9269
9285
2554
3244
8965
2511
3041
2719
9870
4833
8914
1020
6921
4230
5942
9816
6374
8319
8049
4579
7664
2531
1398
6527
7301
7779
4163
7800
5201
6768
3353
4586
2632
2322
9271
4883
4895
4456
2766
9127
8735
4256
7765
4833
2837
9481
3107
1917
5598
9024
6236
3069
5272
8630
7427
9592
6314
6772
9794
4207
8640
8841
1386
3342
2870
8178
1643
9158
1141
2616
7746
5977
8619
6146
2870
1467
6399
5037
6257
8978
2737
3719
4694
2905
8376
6794
5572
7103
3245
8727
2462
7908
9343
2266
2751
7789
2090
2777
1233
3323
5760
8488
1212
5462
7441
5957
2523
8797
4676
5940
5184
9599
1760
7498
5216
2396
4989
5230
5525
4757
7259
8988
4901
3595
7580
1561
6299
2677
1326
9018
4022
3151
3335
9534
5447
3690
2807
4600
9424
9732
6343
6754
9815
8495
9482
3007
7572
3780
5360
4952
4562
5206
6309
4695
9965
4901
7408
7416
4260
5152
9767
6941
5473
3378
7127
7101
7253
1036
7523
6460
6547
3986
1292
2141
9508
7891
4016
2892
5310
2401
5335
9506
6300
8781
9984
2962
5813
7561
6910
6791
4410
4281
8346
9809
9848
6001
4644
1640
5891
4241
1066
4086
1300
1582
1255
2373
4011
3031
3532
7943
6420
7416
4692
7090
6278
3093
6982
2021
5920
9236
5110
8119
6487
3811
7980
2810
5082
1666
2107
4551
9121
1397
4692
2048
2540
9888
7509
7837
6075
9556
6543
6619
4344
3351
9568
8936
2872
5235
1477
2252
3842
6211
2812
9881
2859
8138
9463
9169
5421
8437
1501
5699
4385
1108
8665
1898
2756
3571
4376
7552
7695
4558
4531
1803
7834
2718
8388
4363
2708
4023
7464
6881
7909
9726
5397
8780
6932
2291
2960
2415
3778
7671
1142
3951
2587
1547
1422
6982
3397
4940
4531
9193
7376
4525
6860
4268
2501
2016
1809
6854
8231
7240
6573
4551
6626
6543
9530
3898
1182
5438
9988
8812
4537
9092
5152
7279
8471
6526
7496
1610
1709
7157
4245
5660
5654
9428
2431
5374
5399
3621
1989
5847
5527
5859
6368
6764
4576
1507
5339
7460
1856
7514
9233
4208
7752
9256
6670
4017
6486
8193
4381
3245
3240
2912
1389
9268
8965
4396
6609
8521
5952
2087
3345
5053
5658
2942
8083
4306
6983
9968
6950
2859
9209
8272
7317
7377
7698
8529
7989
7174
9987
8017
8893
9945
6900
4867
5695
5674
2048
7485
9630
3070
7411
8606
9251
3515
6757
3173
2153
7153
3083
3317
9058
8282
5530
8671
8269
2953
5417
1552
6940
7285
9470
8470
9739
3493
4336
6986
3640
9250
9560
7875
3921
3031
2476
3600
9581
3562
6749
1774
4488
4456
7427
2592
8638
7534
8119
5011
5275
7034
7648
6849
5055
4701
8754
3450
8655
3259
1433
9193
6460
7614
3935
1123
5052
5796
6676
1435
4569
4943
3505
7832
7566
3774
3772
9177
8988
1402
1082
3364
2556
6201
8782
9701
7379
8076
8278
8946
7960
1761
3687
6551
5534
3420
2644
6385
7338
3493
7191
7184
4795
6861
4233
1437
4581
7733
3738
2719
3521
8415
7957
4728
6894
3711
4664
5655
6355
4633
3135
1169
8739
3066
3795
6483
1185
7526
9681
2958
3291
2321
1702
4271
3804
9501
9010
2910
9593
5963
1757
8225
8288
2044
8620
7039
2665
3908
8048
6299
7426
5702
8630
3748
2535
9025
5563
5417
6597
6949
3101
5290
9107
9122
4884
4364
4206
8408
2579
7172
4627
7014
3889
6424
3946
9044
8174
2796
9316
9722
6622
6556
4295
8116
8124
4023
9428
4100
4202
8821
2364
4347
3584
4335
9721
7352
1723
6847
8653
6079
4455
6943
4999
5784
3566
4712
5001
2395
3008
5414
3985
4034
6290
5537
9110
9164
1901
2058
1742
4207
5517
9176
4506
1268
8319
4145
6786
6547
9328
7164
5435
5217
9568
7607
6615
6000
2464
6959
9805
4772
4711
1125
1698
6610
4989
3297
2247
8834
7838
4009
6589
8485
3284
9893
2129
8500
5871
4630
3694
7597
8938
6554
6644
8338
7660
4500
1938
5224
2861
1137
5242
6264
2516
7375
3593
1297
5355
1667
5329
6998
2236
8649
7869
8127
2753
5115
7551
6113
3621
3772
5196
5519
5641
6037
9083
3471
5446
9447
5966
6475
1120
5168
1394
8935
4032
9341
2152
9614
5922
5563
5354
3399
5422
7904
8896
1691
9701
6855
6097
3838
3657
1671
7683
4214
8119
5959
8192
5174
1722
2099
4657
3808
6874
1850
8283
7709
4872
2358
7651
6765
9864
9653
4976
8913
8682
3505
3122
8227
3409
1648
7137
8964
6438
2740
2788
5582
7852
4438
1729
5162
4906
5431
7278
3015
4292
5902
8488
7368
3589
5612
8033
7382
9437
3170
1681
1316
1980
7938
3970
9847
4668
4866
4597
4065
9977
7096
8570
9802
6781
5881
7639
4226
8500
4837
2628
1081
1324
1049
9661
4615
6762
2575
2689
7763
3684
4806
4515
8198
7366
2554
2361
7454
4803
9700
4619
9277
1223
9730
4661
7996
6476
9425
8425
3830
3868
1416
5867
5348
7592
4203
9688
2656
4060
7764
3289
2329
2905
2886
6446
9155
5700
2838
2616
9571
7440
6438
5161
1469
5732
3596
4419
7243
2093
6602
8523
2240
7472
1984
3099
2310
1788
2366
3486
5166
6093
1688
4059
3550
5949
8184
2774
8593
4294
2750
2180
4931
5773
9969
4733
7556
6679
8358
1459
1593
4787
7681
1460
6440
6292
5299
2184
8880
6924
5547
9504
3172
1003
5652
5019
4461
9464
2692
4286
2784
6016
6781
6447
5364
4177
8208
1522
9902
3492
2422
9188
65541
6963
2174
7261
3968
2857
3805
4393
8113
8054
2965
5131
5161
6391
5925
5792
9887
9056
6389
7420
6290
7326
9220
4030
2766
8249
5072
3125
2883
4971
1398
1521
3494
8762
3888
8296
3336
8372
3640
6152
4832
6603
6774
1198
4299
3801
6180
1484
6047
1177
9978
7646
6719
6632
7516
8718
1458
2770
4243
3552
9339
7403
3932
4065
9444
9553
6259
5880
5753
1225
1994
8913
5723
9309

3486
1386
6329
5030
2521
9689
2266
3202
2077
2072
3014
6773
9266
2870
1983
6293
5402
8447
3500
9943
5589
2744
2540
8111
4746
9156
7648
1898
4907
1513
1395
4988
2504
9234
1587
8240
5312
9982
9025
3935
8236
7736
8124
8982
3213
9937
6717
4973
2599
6822
7411
5346
2668
5279
1077
7103
8987
6368
8670
5449
6232
2533
1031
3516
5257
8098
3355
6851
8110
4829
9376
7831
8007
4565
3626
1327
2164
3764
1123
8316
4603
5288
3184
2296
1762
1803
8356
8610
4440
4553
7887
2663
8326
4535
1006
2223
2867
8249
2038
5895
4159
1982
9312
5528
9474
4550
1589
3231
3238

7010
4560
4822
9926
4913
2565
9785
8683
5929
9740
8549
7706
4305
2333
4641
3199
8026
8172
1329
9275
8612
6269

2200
1580
6572
9834
7327
7030
4129
4732
1526
72131
1760

4616
2837
3779
6237
4489
7946
2355
5466
9096
9093
3072
7769
7419
3710
5521
1280
5995
7936
1747
3413
7233
2655
9614
5813
1640
5959
4378
1286
4703
5826
3697
4631
3304
7825
2111
3101
4597
8840
7356
7077
5603
9649
5497
2407
2271
9035
6914
4147
2244
6186
3735
2027
6283
3398
9990
7680
4811
3457
5990
4440
5287
4107
7535
6735
3396
5030
6833
8566
7750
6845
2358
7947
6883
6052
6581
6750
6245
3308
3230
9853
7532
5590
1948
3829
8441
6462
8909
1877
1263
1509
7152
7776
9585
4270
1586
8366
6753
6777
2375
7348
7712
1746
9274
7726
3350
2825

9294
2065
1109

1973
7511
2446
5883

1763
9463
1889
5725
2982
5946
1847
2486
9371
2399

6486
6705
3561
3176
6833
4466
7159
9247
4053
4456
2417
8358
1151
6634
2255
8876
6976
3459
7305
5503
6646
5366
6147
5061
5556
2241
1451
8313
4797
5371
4508
7670
3586
1266
8942
9165
4642
8667
4941
3192
6940
6895
2014
9612
7379
4534
4511
8582
1566
6259
9269
3387
5664
7517
1697
1384
2876
3842
8813
5318
2174
1556
3156
9829
4143
4084
3202
7566
9141
8474
4627
8481
1483
2330
1594
8427
9344
2568
8075
4918
8898
4619
8222
6575
2906
4515
6981
6508
6632
6372
2807
2349
3070
2998
2526
1200
3093
1749
9214
5779
8424
4249
4643
5400
3520
3211
9669
8665
3733
2014
1067
4763
8625
9874
5959
9992
7957
6286
9719
9469
9762
6946
4350
9496
8090
5899
9420

3508
8968
8395
7621
1739
9767
9071
1290
5695
7082
5549
5282
8053
1418
2403
2660
9598
4128
1852
1593
3454
2229
9865
7710
8370
8052
8407
1586
6594
4074
4852
8656
6419
3628
3849
6374
1744
4261
3442
8316
2034
3828
5368
7543
3153
9533
4465
8065
4899
3490
3122
8601
6317
2900
5474
2193
1668
4610
6481
5229
6269
2866
4829
3052
7697
4962
2103
1248
8880
1299
8785
6142
8528
3285
6566
8463
2603
3687
2392
9634
4914
4355
3732
3639
8953
3138
2370
6750
5655
9820
5066
1353
5120
1597
1636
5013
8499
5322
7107
5281
2113
7855
1881
5258
7998
9738
5678
3247
4463
8033
9732
7259
5087
7164
3989
7342
8788
1019
7992
1819
5152
7804
3387
7697
4840
5912
8294
2709
1069
5121
8810
3576
7840
2120
7210
7651
3644
7758
7150
6975
9744
7130
2310
3000
7472
6837
2049
8147
3169
6569
2786
8405
3393
3738
2811
7990
6216
8315
8024
2826
3009
5802
5823
5890
3296
8863
1871
3533
2026
8401
1844
8208
2618
6801
8640
2088
1196
7266
3506
2040
1465
9238
6971
3113
6707
1621
4523
7934
8101
7718
9659
8677
4036
2962
4022
6158
7864
9796
9164
1682
3774
3964
4749
8722
8097
7992
5558
2647
8264
8556
4888
8686
8203
8130
5188
4018
7945
2975
9477
4884
3891
5015
9827
8468
5351
5576
1693
2225
8827
8892
9213
1668
9305
6187
3459
9470
3564
7762
7017
6052
9368
1989
5796
7887
2178
6846
8500
4628
8090
6237
9538
5660
5154
4759
1462
5808
7870
9448
6537
1678
2863
6915
7948
5837
2683
6178
9989
7114
7637
9274
4906
3301
7067
2601
2658
3322
7121
3052
5871
7308
9814
3542
9171
9339
3786
7475
2110
9048
9031
5187
7492
7837
4586
8821
2178
6293
8343
6595
2268
8716
3688
7079
6660
7416
2271
9186
5206
8704
3096
5400
4895
3435
2816
4328
7302
8527
9350
8980
9201
1029
3133
1920
7050
9425
7138
2042
3417
3078
3151
3001
3802
5755
8503
1592
4761
9506
5628
6385
9234
1911
5672
4180
7393
7336
1171
6795
6859
5169
2453
7706
8863
6397
2595
1574
1186
9688
2164
6573
2728
6095
7106
5084
8047
3845
5644
5393
9929
1710
7306
2489
8435
2693
3826
3650
7350
8458
5726
9854
8016
6966
5774
7067
1359
7564
8825
7589
9427
8410
8817
7356
5756
5988
1136
5509
9475
4140
5577
4779
2480
4490
4030
4242
1723
1177
6551
4220
1902
7265
2946
9477
4531
6032
9464
1184
2756
6488
1785
3324
7828
9719
5501
2726
4732
5533
3961
5806
6472
9132
4560
1091
7253
3398
6339
5013
1019
9704
1581
5343
7372
1699
3822
9007
6237
1738
2965
1517
6805
7263
7060
7582
4154
9231
4024
3942
4574
8592
1557
2395
2611
5448
7638
6805
2166
5186
8902
2403
1676
6884
2610
4320
3834
6896
6176
5840
8063
4469
2247
5840
6385
9755
5416
3635
8350
6152
9935
7428
8098
3489
5964
7261
8980
9590
7908
3244
8686
9437
4470
8330
1722
1112
7005
1263
6363
4378
7040
8067
5665
5185
7724
9015
2450
4821
2243
8846
7122
7767
3977
2606
4493
3499
5789
4774
3876
4129
3321
9653
1013
9726
5531
7903
1941
2402
4397
9925
2099
4646
1176
1655
3691
2055