1482
7456
3606
4396
2480
3410
8823
8287
3856
6375
8834
8781
1259
4876
9185
9359
7383
2149
9756
4386
8525
1386
8906
7282
9453
5511
3026
7583
6338
8646
6470
6044
6728
7110
7700
2837
2111
6667
9653
7324
9101
1309
1683
2648
6570
3596
1523
8678
1518
3638
2755
8089
9064
5151
1533
6769
3566
1436
4991
4205
4197
3878
9527
6843
5578
3659
3067
8714
4611
7973
7733
4323
5884
6160
1233
6309
7258
9757
2357
5897
7266
5176
6902
2671
3524
9092
2848
6403
3539
9272
9256
7949
5588
5175
8218
7934
5699
9281
2239
8844
5376
4876
7192
5231
8086
2134
5011
6877
9294
4172
3061
1587
3926
5711
1482
2417
6439
1931
2150
3032
5628
8753
8737
8533
3532
1273
3838
7226
2046
1158
4468
7910
4685
4867
4633
4250
1461
7042
9503
7984
8758
9323
1042
5877
4293
4981
7207
5822
8401
8903
7927
8311
3866
1087
2890
1633
7202
9458
5438
8886
4793
8504
9257
3154
6729
8169
3814
9559
4218
7692
7890
9724
4329
2949
3129
6161
1405
5429
2736
6673
7812
2036
9089
7524
1652
6094
8585
2558
1673
7954
9314
8677
5602
7494
4192
6523
2775
9893
2662
9046
5362
1168
7428
3653
7708
5675
4810
9648
6595
4980
9673
7312
3708
7772
1968
7275
2401
9683
9351
4266
9158
1388
8064
6010
4909
7489
6784
4409
2397
6619
2156
3623
5159
9770
3687
2704
3329
9913
7256
3638
1718
4207
7660
3068
2109
9612
9707
2339
1301
1757
2288
6809
9156
9077
2849
3211
4368
1479
6963
6978
2525
4281
7430
3870
3251
6694
6288
5046
1083
5295
4094
5737
4077
8344
9626
6965
5421
4491
7478
4888
4132
7289
3650
9114
7527
4108
5126
4141
7127
4774
6575
3947
7327
2409
7453
3278
4307
6578
8404
6782
8526
8170
2849
7455
7648
1018
2201
9947
7222
6912
5234
5688
4866
3495
9215
7025
9274
2277
5219
7268
9766
9560
9720
4426
1751
4626
6569
1741
5399
2887
3042
1147
2716
1866
1453
3326
6318
2218
6318
8954
2423
6973
6333
5793
2810
4259
2386
3502
2679
2685
3686
9897
4122
8995
5222
6184
7401
9991
1674
8765
8149
5589
8729
9852
4229
3652
8950
1291
9350
2198
2922
7580
7315
8518
3583
2393
8461
6299
6189
6677
3237
7814
7014
8561
6176
2947
2864
2376
3083
9361
4818
4245
9837
2564
8740
4326
3622
9381
9190
4304
7636
2978
2252
8203
4841
3536
2240
3535
8070
8983
2580
7016
8880
1254
5475
3418
3519
6009
7964
3515
1449
9362
4723
9797
1104
7287
5338
9948
2333
9368
4944
5920
1142
3032
1050
6571
9681
4589
4493
1799
8947
3370
9360
5892
9266
4039
5661
8970
2457
6109
4986
7155
4222
6089
9898
9470
2847
9678
7547
7140
5778
7515
4665
2521
8505
5691
6464
2431
5413
2207
8959
8651
7952
1989
7840
7175
5056
7823
4318
9355
4646
4556
7912
8957
2525
5497
8310
4178
2370
8317
4804
5875
6193
5900
5460
7300
2390
4689
1963
8434
4729
5985
1228
1588
4866
1163
8304
4943
4854
7606
4549
7061
7401
3952
7187
9894
2849
9371
7775
4396
1781
6056
2462
1599
7002
7828
5480
4289
9693
5586
3993
5946
2556
3119
7631
7152
5759
5413
6955
2184
9494
1434
7297
8394
7637
7840
3226
2397
3879
3445
2171
8432
7674
1083
1724
8348
1386
3029
6778
9243
9987
1119
1569
8491
1906
4025
6331
8595
4496
8426
8208
7370
6590
5650
8815
7313
2357
9808
7241
5218
3364
9641
7839
5513
5729
3735
8099
3772
3218
4380
6591
1284
1199
2317
9703
7918
2762
6432
2317
2435
4392
5734
1518
9995
2749
7145
3504
6608
2991
7643
2282
8521
9114
2748
9817
9599
7614
1804
4686
9593
7958
3288
9908
7338
4548
8990
7452
3098
1495
9972
7261
8936
3937
6153
1806
9032
1981
1258
8344
6429
3586
3766
8986
5316
1103
3647
3533
2587
3589
1171
6934
2314
7163
8884
2027
3458
2040
1042
6706
8737
4964
2719
2251
8051
8344
4398
8476
8554
6289
5030
3232
1793
2869
1717
3871
4908
2710
6012
4235
3934
5608
2095
4977
4257
9946
7466
8429
9369
1865
5905
9552
8194
7533
6021
6557
2951
4278
1445
5098
5625
1605
5772
9989
2290
8859
3480
8449
6986
9632
1663
5231
4604
7014
9820
1949
2385
2477
1855
6857
5628
5541
9601
9769
3294
4375
4935
3694
9955
7325
4128
6934
5779
1331
5900
9737
1089
5101
8598
1486
2936
3236
1725
8131
6147
1563
7833
7464
2220
3118
4300
7081
2104
1998
5968
1794
1833
7310
9987
4467
7098
3200
6874
3618
1157
5702
1307
8110
6582
8361
6114
8505
8587
1866
6606
2301
2548
9744
5962
2035
3182
6867
4045
2298
1123
8478
2454
3701
2305
1007
2109
9026
1919
7261
4976
9962
1810
8724
3931
1329
6004
5331
3443
5605
9576
4767
1988
7524
3167
3635
9272
6948
1970
9926
3256
1095
1064
8663
3335
8849
3751
5001
4319
9489
3932
8131
4867
2280
6597
8554
9983
1176
1275
1955
5442
6063
9188
6686
2690
9403
5023
6594
1368
3418
5600
6727
3217
6882
4377
6561
3391
9176
8713
4515
6895
8898
5672
4223
7644
4292
5219
5481
8641
2942
1116
7115
7052
1277
9436
2295
5326
2041
2690
9305
7842
6760
2174
7889
3548
2383
9386
7548
9766
8615
3419
1253
1114
8236
5683
8884
7896
2761
4301
7871
5183
2402
7702
1774
7560
3023
8868
3983
8224
3627
1681
6712
1833
7063
8271
1900
8092
4025
4159
1162
1908
7126
6447
7474
4453
4336
1158
8705
4642
6990
5471
5863
8513
7426
1296
2381
6592
1284
8217
6011
6024
4310
5459
1111
9683
8541
5257
2077
8448
1752
5083
8786
9134
2916
2937
7806
3623
6013
7764
4383
4052
6445
6972
5494
4665
4778
8632
2583
7399
8356
9066
6053
7778
3076
4691
5619
5604
7937
7976
6272
4768
7398
6178
1173
8393
6992
4014
3364
6725
7650
6712
8544
1083
8333
6091
9940
9388
6376
9358
9661
2408
9347
3103
6058
6385
7751
7295
4045
9518
7784
6660
4404
2388
4028
5542
2570
7099
8859
7672
2388
4789
8937
1432
4668
9899
1284
8237
2024
4132
5921
6934
1446
4403
4291
3193
1860
5421
9323
1472
2599
9698
5872
5923
5458
8736
3370
4857
6118
4996
1233
9228
3884
9378
1696
9469
7537
4906
8553
5044
3844
1202
8669
1992
4316
4811
4485
1766
4099
7524
7206
5626
9053
7324
2581
7237
9107
4853
7491
7225
3618
1690
4240
1382
1658
5075
1883
9144
1364
5716
3699
4939
7187
5035
5813
2914
1452
9531
6369
8262
8781
1715
1996
6946
6539
3306
1877
8105
2938
4538
9627
3516
6300
2115
5415
2050
1871
1619
9731
3877
5183
3011
9607
2448
2777
2789
8462
3107
4345
7881
6898
4061
4614
6820
2317
5727
7957
3925
2976
2798
9939
8260
9266
1318
6759
7295
5627
1729
2446
7701
5551
1029
6799
2821
8066
2264
5383
1836
6085
6545
2319
3364
1390
1073
8568
4078
7713
5758
8166
1178
6134
6897
9496
7167
2054
5671
9464
5156
5313
7131
2212
9953
5892
8635
4327
4897
9156
1148
5698
9604
6831
1173
1150
9860
3387
6581
7877
5182
9630
9015
8066
3960
1470
9408
9903
2546
4608
3136
1206
7960
9955
9407
4172
6269
7742
4683
3056
9631
2456
2971
8073
5850
4545
3167
6684
3469
4747
1701
6951
3245
2849
6724
4768
9624
7269
4177
9551
4853
3663
911
8854
2660
1182
4245
6183
7368
6052
3033
5551
2073
3671
4429
1790
4437
4731
5580
8434
4713
9248
2998
7154
4204
4470
2505
9138
6866
8658
1128
8128
6896
8262
9844
6031
6365
2653
7512
8521
6501
5707
6499
5945
8033
9531
8458
8971
8369
8058
8864
8647
8101
4768
6333
4835
8810
9979
8812
5241
2569
9869
8480
7481
1714
4368
5661
2954
2039
2476
3875
7385
4105
1448
7779
2955
8956
8742
7688
4193
3909
4392
3420
3638
7907
1045
7319
4868
2362
6786
2200
8471
5689
4504
4914
5935
4037
6013
2577
1729
9214
1226
8527
6292
9917
2287
3080
1710
5070
3949
8349
1340
5089
4480
5694
3898
4201
7715
9185
5935
8621
3610
1218
7319
3720
1669
6130
6251
4868
2142
8612
9298
3452
8545
5970
6216
1373
4916
3771
4875
8918
7620
8121
9765
7004
6878
5727
4073
6304
9058
6953
9803
8695
5922
2294
9571
8444
6125
1701
9768
4848
8390
5660
4504
7158
5244
3877
6481
7335
1360
3428
2254
2211
7388
6824
4900
3110
3695
3515
1132
6590
1842
2958
4353
2088
4812
5792
2607
9945
5229
5164
9130
8623
6548
3198
8047
5827
2596
6328
5039
3777
4232
3015
4972
6916
5456
9433
1126
1754
1699
8177
8972
3994
4840
1742
2640
2171
7588
2083
3099
1830
4637
4182
1129
7771
2220
1151
9474
1026
6321
8826
8513
8333
4343
9297
3497
7849
5208
3359
4610
7058
5304
2077
3741
3790
5169
1472
8773
9785
2878
2970
1890
6689
4009
4771
5762
8504
9601
3963
4248
7970
1708
2463
4345
4957
3897
2110
8270
2320
6001
1463
2279
9206
4822
4723
4390
1205
1484
1005
7747
1228
7093
2356
7827
5477
7274
8654
1805
5596
5157
9186
4539
4640
6755
8264
2145
7708
7940
4130
6935
3145
3419
9024
6926
9117
1930
3388
8776
6759
7539
6651
5711
2236
7789
3484
6739
5882
1429
7206
3909
8038
4315
3911
3863
1964
2341
2816
8057
1830
4877
8269
6922
8188
5504
9889
6044
1117
5743
2656
3855
9461
8839
6197
4014
9395
9492
8813
5138
5105
4029
1708
9914
5165
7177
6796
9572
7056
3733
7058
6042
8792
6582
5125
2187
9709
2569
1063
3234
7600
4474
2474
6827
6535
6357
3938
4479
9310
8712
3775
2878
4550
3992
3455
9039
5074
1311
6699
8640
8870
1494
9995
1600
8760
6029
2868
5261
5035
1782
4991
5133
6549
1536
9113
1519
5638
6234
8639
2454
2590
9923
7747
9922
1958
7901
7642
5405
2257
9729
7821
7581
5186
5104
6848
9706
6547
8358
8664
7455
8490
7899
3342
7121
4514
6574
5615
7385
2727
6435
2832
6910
7489
2729
9638
8410
2857
4841
6480
2009
1906
9378
9883
5986
4660
9435
4958
9487
6551
1541
9595
5939
6857
5287
1317
9507
7111
7439
5527
8546
4895
4014
1247
8198
2544
6025
6633
6791
6940
2494
3485
4614
2363
9628
2440
6278
8028
8646
6367
1011
5687
8059
6574
7515
1372
8604
6075
1058
6143
9251
7039
9145
2311
7853
5508
2510
1831
1943
9158
2074
7890
1131
5168
9379
9095
6715
3611
5038
4389
5235
9736
6667
7480
7374
7185
6390
9584
9920
6013
8980
3850
8974
8068
8172
5675
5712
3618
8339
6705
2458
5834
1989
7729
1604
4077
6265
7779
6360
7850
8145
2086
8371
3950
7154
3254
6808
1961
3827
2238
7777
4937
7612
4509
6093
5648
1144
5126
8207
5708
4739
4700
9523
2346
8454
1107
6083
7594
2208
2218
5715
6250
7521
9961
9362
4215
8708
3332
2584
8194
6307
2045
5252
6547
8475
5275
7567
8732
6129
7099
3695
3049
5004
4709
1148
8475
5177
3600
7852
8929
1688
2636
2428
2504
4806
7064
5773
9660
4577
1918
8546
2631
6750
1472
9805
6984
5082
8205
8102
6915
5074
1009
2189
3829
9687
2944
3742
7730
3161
8305
4580
5738
6913
8331
2101
6008
9745
3296
7220
9425
1336
2928
3210
1481
3436
9054
6454
3284
2256
6854
1328
7931
3731
8010
5306
7470
2508
3915
1316
9643
3857
7791
6820
4426
2450
8086
5523
9341
9628
6973
1355
1815
2282
4578
9979
7926
8854
4531
5721
9514
7604
9631
5752
1232
4983
3119
4710
1821
4060
3311
5412
1444
6591
4601
7825
2390
8829
1348
1666
7524
5150
5525
4994
6576
9351
2203
6100
1573
4695
7622
7899
9544
9398
2780
2445
4112
1369
3197
3416
1848
7621
8755
5911
2705
4628
6518
4268
8373
2412
2960
5888
1289
5107
6494
9751
7864
7607
4902
3380
2871
5547
3960
9036
2125
5080
7351
6046
6404
9480
7877
2331
4402
1620
6497
9246
7911
4910
3356
5726
9520
5820
8192
5700
6656
4648
5251
6952
4897
3302
4295
8188