6560
6692
2330
4528
3002
4566
4239
4933
9462
5439
3553
4458
6289
4434
2290
9436
5433
2698
6342
6889
0358
8488
6283
4833
2433
0208
0639
3056
5285
3562
2859
8060
3904
0894
4668
9029
3048
0360
9983
2204
9284
8025
6323
5024
6900
4096
8662
5280
5865
5865
5265
6245
4423
6489
3440
9528
8489
8836
2450
6562
9446
4048
2994
0480
2456
6240
4462
6950
8336
6534
0448
3383
9348
2860
4349
5455
4556
0930
9938
0304
4000
4583
3035
4265
3992
5332
2552
9948
0543
0558
3840
4625
8069
9352
2694
8886
8405
0089
2506
9384
8092
0484
0254
5348
3026
8599
6800
4300
6205
9520
9256
2599
2868
9883
6683
3094
8665
6000
0596
2498
3899
2336
2324
6488
3036
3948
3859
3328
6666
8929
8685
5662
4098
4682
6688
8452
0255
3053
5269
0998
5205
6456
5266
9330
5544
9529
0326
8852
2986
9564
6948
3946
8454
4920
6023
6842
8888
8498
4560
3056
2024
8382
5268
4532
6839
0298
4638
4288
0692
8446
9335
0096
6825
4800
6644
6835
8305
2836
9353
6505
6433
2892
6903
9320
4845
0946